sw   =     100.000;       % [kHz]   
np   =     100.000;       %         
Tp   =       0.004;       % [sec]   
Ta   =       0.004;       % [sec]   
Ge   =       6.780;       % [G/cm]  
Ga   =      -6.780;       % [G/cm]  
Lz   =       2.600;       % [cm]    
rf_R = 9381180.900;       % [Hz/sec]
Nsp  =       2.000;       %         
Zie  =      -1.300;       % [cm]    
Zfe  =       1.300;       % [cm]    

