sw   =     100.000;       % [kHz]   
np   =     500.000;       %         
Tp   =       0.004;       % [sec]   
Ta   =       0.004;       % [sec]   
Ge   =       6.400;       % [G/cm]  
Ga   =      -6.400;       % [G/cm]  
Lz   =       4.600;       % [cm]    
rf_R = 15667232.000;       % [Hz/sec]
Nsp  =       2.000;       %         
Zie  =      -2.300;       % [cm]    
Zfe  =       2.300;       % [cm]    

