sw   =   100.000;       % [kHz]   
np   =    50.000;       %         
Tp   =     0.002;       % [sec]   
Ta   =     0.002;       % [sec]   
Ge   =     7.000;       % [G/cm]  
Ga   =    -7.000;       % [G/cm]  
Lz   =     2.500;       % [cm]    
rf_R = 18626125.000;       % [Hz/sec]
Nsp  =     2.000;       %         
Zie  =    -1.250;       % [cm]    
Zfe  =     1.250;       % [cm]    

