sw   =     100.000;       % [kHz]   
np   =     100.000;       %         
Tp   =       0.006;       % [sec]   
Ta   =       0.006;       % [sec]   
Ge   =       8.150;       % [G/cm]  
Ga   =      -8.150;       % [G/cm]  
Lz   =       2.400;       % [cm]    
rf_R = 6939562.000;       % [Hz/sec]
Nsp  =       2.000;       %         
Zie  =      -1.200;       % [cm]    
Zfe  =       1.200;       % [cm]    

