sw   =     100.000;       % [kHz]   
np   =     150.000;       %         
Tp   =       0.006;       % [sec]   
Ta   =       0.006;       % [sec]   
Ge   =      11.300;       % [G/cm]  
Ga   =     -11.300;       % [G/cm]  
Lz   =       2.600;       % [cm]    
rf_R = 10423534.333;       % [Hz/sec]
Nsp  =       2.000;       %         
Zie  =      -1.300;       % [cm]    
Zfe  =       1.300;       % [cm]    

