sw   =     100.000;       % [kHz]   
np   =     500.000;       %         
Tp   =       0.004;       % [sec]   
Ta   =       0.004;       % [sec]   
Ge   =      11.300;       % [G/cm]  
Ga   =     -11.300;       % [G/cm]  
Lz   =       2.600;       % [cm]    
rf_R = 15635301.500;       % [Hz/sec]
Nsp  =       2.000;       %         
Zie  =      -1.300;       % [cm]    
Zfe  =       1.300;       % [cm]    

