sw   =   100.000;       % [kHz]   
np   =   100.000;       %         
Tp   =     0.004;       % [sec]   
Ta   =     0.004;       % [sec]   
Ge   =     7.350;       % [G/cm]  
Ga   =    -7.350;       % [G/cm]  
Lz   =     2.400;       % [cm]    
rf_R = 9387567.000;       % [Hz/sec]
Nsp  =     2.000;       %         
Zie  =    -1.200;       % [cm]    
Zfe  =     1.200;       % [cm]    

