sw   =   100.000;       % [kHz]   
np   =   100.000;       %         
Tp   =     0.002;       % [sec]   
Ta   =     0.002;       % [sec]   
Ge   =     5.000;       % [G/cm]  
Ga   =    -5.000;       % [G/cm]  
Lz   =     2.400;       % [cm]    
rf_R = 12772200.000;       % [Hz/sec]
Nsp  =     2.000;       %         
Zie  =    -1.200;       % [cm]    
Zfe  =     1.200;       % [cm]    

